-8.345034013500722	19.170277045631785
-8.317367524120485	19.12385493523487
-8.289779182585011	19.07756395054122
-8.262268753484918	19.03140369655311
-8.234836002124858	18.985373779470912
-8.207480694521415	18.939473806689556
-8.180202597400868	18.89370338679478
-8.153001478197037	18.848062129559523
-8.125877105049138	18.802549645940317
-8.098829246799603	18.75716554807364
-8.07185767299195	18.711909449272326
-8.0449621538686	18.66678096402192
-8.018142460368818	18.62177970797721
-7.991398364126495	18.576905297958508
-7.9647296374680705	18.532157351948165
-7.938136053410404	18.487535489087005
-7.911617385658681	18.443039329670807
-7.885173408604284	18.398668495146723
-7.858803897322695	18.354422608109786
-7.83250862757144	18.31030129229942
-7.806287375787936	18.266304172595877
-7.780139919087493	18.222430875016833
-7.754066035261171	18.17868102671384
-7.728065502773743	18.135054255968857
-7.702138100761656	18.091550192190887
-7.676283609030947	18.04816846591244
-7.650501808055188	18.004908708786083
-7.624792478973489	17.96177055358111
-7.5991554035883935	17.918753634180014
-7.57359036436394	17.875857585575204
-7.54809714442355	17.833082043865492
-7.522675527548073	17.790426646252794
-7.497325298173734	17.747891031038698
-7.472046241390179	17.705474837621168
-7.44683814293841	17.66317770649111
-7.421700789208855	17.62099927922909
-7.396633967239356	17.578939198502
-7.371637464713184	17.5369971080597
-7.346711069957062	17.49517265273172
-7.321854571939219	17.453465478423972
-7.297067760267397	17.411875232115424
-7.27235042518694	17.370401561854887
-7.2477023575788015	17.32904411675768
-7.223123348957615	17.28780254700237
-7.198613191469735	17.246676503827523
-7.174171677891375	17.205665639528533
-7.14979860162659	17.164769607454275
-7.125493756705418	17.123988062003967
-7.101256937781943	17.08332065862393
-7.077087940132375	17.042767053804354
-7.052986559653182	17.002326905076185
-7.028952592859153	16.96199987100784
-7.004985836881544	16.921785611202143
-6.981086089466156	16.881683786293046
-6.957253148971472	16.841694057942558
-6.9334868143668045	16.801816088837594
-6.9097868852303845	16.76204954268679
-6.886153161747523	16.72239408421741
-6.862585444708766	16.68284937917225
-6.839083535508011	16.64341509430649
-6.815647236140678	16.604090897384612
-6.7922763492018925	16.56487645717735
-6.768970677884597	16.52577144345853
-6.7457300259777755	16.486775527002088
-6.722554197864594	16.447888379578945
-6.699442998520605	16.409109673954006
-6.676396233511929	16.370439083883088
-6.6534137089934235	16.33187628410987
-6.630495231706942	16.293420950362965
-6.607640608979451	16.255072759352746
-6.584849648721337	16.216831388768533
-6.562122159424534	16.17869651727542
-6.5394579501608066	16.140667824511418
-6.516856830579948	16.10274499108442
-6.494318610908002	16.064927698569225
-6.471843101945539	16.027215629504628
-6.449430115065836	15.989608467390399
-6.427079462213199	15.952105896684431
-6.404790955901148	15.914707602799718
-6.382564409210732	15.877413272101522
-6.360399635788737	15.840222591904364
-6.33829644984601	15.803135250469209
-6.316254666155671	15.766150937000484
-6.294274100051468	15.729269341643288
-6.272354567425986	15.692490155480415
-6.250495884729001	15.65581307052957
-6.228697868965718	15.61923777974043
-6.206960337695125	15.58276397699187
-6.185283109028236	15.546391357089023
-6.163666001626486	15.51011961576058
-6.142108834699946	15.473948449655806
-6.1206114280057475	15.437877556341876
-6.0991736018463	15.401906634300909
-6.077795177067739	15.366035382927343
-6.056475975058155	15.330263502524982
-6.035215817745997	15.294590694304297
-6.014014527598415	15.259016660379663
-5.992871927619579	15.223541103766523
-5.971787841349069	15.188163728378706
-5.9507620928602085	15.152884239025608
-5.929794506758468	15.11770234140953
-5.908884908179785	15.08261774212285
-5.888033122788991	15.047630148645386
-5.867238976778162	15.012739269341637
-5.846502296865007	14.977944813458066
-5.8258229102912695	14.943246491120417
-5.8052006448211175	14.908644013331035
-5.784635328739545	14.874137091966148
-5.76412679085077	14.839725439773222
-5.7436748604766725	14.805408770368297
-5.723279367455166	14.771186798233291
-5.702940142138648	14.737059238713378
-5.68265701539243	14.703025808014354
-5.662429818593137	14.669086223199963
-5.642258383627179	14.635240202189333
-5.622142542889157	14.601487463754282
-5.602082129280324	14.567827727516757
-5.582076976207039	14.534260713946232
-5.5621269175792	14.500786144357074
-5.542231787808732	14.467403740906008
-5.522391421808011	14.434113226589485
-5.502605654988378	14.400914325241173
-5.4828743232585575	14.367806761529305
-5.463197263023193	14.334790260954232
-5.443574311181279	14.301864549845781
-5.4240053051246795	14.269029355360779
-5.404490082736582	14.236284405480443
-5.38502848239004	14.203629429007963
-5.3656203429464595	14.171064155565922
-5.346265503754062	14.138588315593765
-5.326963804646446	14.106201640345335
-5.307715085941067	14.073903861886368
-5.2885191884377845	14.04169471309202
-5.269375953417351	14.009573927644357
-5.250285222639964	13.977541240029906
-5.231246838343796	13.945596385537202
-5.212260643243517	13.913739100254302
-5.19332648052885	13.881969121066364
-5.174444193863084	13.85028618565315
-5.155613627381679	13.818690032486687
-5.136834625690759	13.787180400828742
-5.118107033865734	13.755757030728496
-5.099430697449795	13.724419663020035
-5.08080546245253	13.693168039320025
-5.0622311753484714	13.662001902025262
-5.0437076830756835	13.63092099431031
-5.025234833034342	13.59992506012513
-5.006812473085305	13.569013844192657
-4.988440451548725	13.538187092006496
-4.970118617202597	13.507444549828467
-4.951846819281427	13.476785964686377
-4.933624907474759	13.446211084371557
-4.915452731925832	13.415719657436593
-4.897330143230167	13.38531143319297
-4.879256992434179	13.354986161708732
-4.861233131033815	13.324743593806204
-4.84325841097316	13.294583481059645
-4.82533268464307	13.264505575792967
-4.807455804879779	13.234509631077382
-4.7896276249635825	13.204595400729207
-4.771847998617432	13.174762639307495
-4.754116780005608	13.145011102111818
-4.73643382373235	13.115340545179958
-4.718798984840511	13.085750725285658
-4.7012121188102185	13.05624139993637
-4.683673081557527	13.026812327371
-4.6661817294330925	12.997463266557672
-4.648737919220823	12.968193977191481
-4.63134150813658	12.939004219692297
-4.613992353826812	12.909893755202484
-4.596690314367279	12.880862345584752
-4.579435248261705	12.851909753419907
-4.562227014440471	12.823035742004642
-4.5450654722593296	12.794240075349395
-4.527950481498065	12.765522518176088
-4.510881902359219	12.736882835916003
-4.493859595466804	12.70832079470761
-4.476883421864969	12.679836161394336
-4.459953243016743	12.651428703522459
-4.443068920802754	12.623098189338942
-4.426230317519935	12.594844387789285
-4.409437295880244	12.566667068515363
-4.392689719009405	12.538566001853312
-4.375987450445635	12.510540958831406
-4.359330354138366	12.482591711167895
-4.342718294447005	12.454718031268943
-4.326151136139666	12.426919692226482
-4.30962874439191	12.399196467816113
-4.293150984785502	12.37154813249501
-4.276717723307171	12.343974461399847
-4.260328826347356	12.31647523034469
-4.2439841606989805	12.289050215818936
-4.227683593556205	12.261699194985233
-4.211426992513205	12.234421945677418
-4.1952142255629346	12.207218246398442
-4.179045161095922	12.180087876318359
-4.1629196678990255	12.153030615272229
-4.146837615154233	12.12604624375811
-4.13079887243745	12.099134542935015
-4.114803309717284	12.072295294620888
-4.098850797353835	12.04552828129056
-4.082941206097517	12.018833286073777
-4.067074407087833	11.992210092753146
-4.051250271852196	11.965658485762155
-4.035468672304746	11.939178250183188
-4.019729480745139	11.912769171745495
-4.004032569857378	11.886431036823227
-3.9883778127086424	11.860163632433473
-3.972765082748105	11.833966746234278
-3.9571942538057376	11.807840166522634
-3.9416652000911885	11.781783682232604
-3.926177796192568	11.755797082933276
-3.910731917075326	11.729880158826878
-3.8953274380810683	11.704032700746808
-3.879964234926409	11.678254500155688
-3.864642183701825	11.652545349143455
-3.849361160870502	11.62690504042542
-3.8341210432671957	11.601333367340363
-3.8189217080970854	11.575830123848595
-3.803763032934632	11.550395104530057
-3.7886448957224585	11.52502810458244
-3.7735671747702098	11.49972891981926
-3.7585297487534346	11.474497346667992
-3.743532496712434	11.44933318216814
-3.728575298051191	11.424236223969432
-3.713658032536201	11.399206270329861
-3.698780580295388	11.374243120113876
-3.6839428218169994	11.349346572790507
-3.669144637948479	11.324516428431496
-3.6543859098953675	11.29975248770944
-3.6396665192202207	11.275054551895973
-3.6249863478414994	11.250422422859918
-3.6103452780324625	11.225855903065414
-3.5957431924201027	11.201354795570134
-3.581179973984052	11.17691890402346
-3.5666555060554863	11.152548032664622
-3.55216967231606	11.12824198632094
-3.537722356796815	11.104000570405969
-3.5233134438771208	11.079823590917728
-3.5089428182835922	11.055710854436892
-3.4946103650890414	11.031662168125019
-3.480315969711379	11.00767733972272
-3.4660595179126004	10.98375617754795
-3.4518408957976794	10.959898490494153
-3.4376599898135503	10.936104088028555
-3.4235166867480498	10.912372780190392
-3.409410873728844	10.888704377589098
-3.395342438222414	10.865098691402622
-3.381311268033011	10.841555533375653
-3.367317251301598	10.81807471581786
-3.3533602765048274	10.794656051602171
-3.3394402324540122	10.77129935416305
-3.3255570082940995	10.748004437494766
-3.311710493502619	10.724771116149636
-3.297900577888698	10.701599205236375
-3.2841271515920125	10.678488520418329
-3.270390105081783	10.655438877911788
-3.256689329155762	10.6324500944843
-3.2430247149392146	10.609521987452949
-3.2293961538839167	10.586654374682674
-3.2158035377671625	10.563847074584615
-3.2022467586907375	10.541099906114372
-3.1887257090799377	10.518412688770379
-3.175240281682572	10.495785242592214
-3.161790369567976	10.47321738815895
-3.1483758661259946	10.450708946587454
-3.1349966650660432	10.428259739530802
-3.1216526604160775	10.405869589176556
-3.108343746521638	10.383538318245158
-3.095069818044868	10.361265749988284
-3.0818307699635454	10.339051708187222
-3.0686264975700936	10.316896017151207
-3.0554568964706394	10.294798501715839
-3.0423218625840125	10.272758987241415
-3.0292212921408153	10.250777299611357
-3.016155081682448	10.228853265230581
-3.003123128060154	10.206986711023896
-2.9901253284340603	10.18517746443439
-2.977161580272244	10.163425353421871
-2.9642317813497554	10.141730206461213
-2.951335829747703	10.120091852540842
-2.938473623852288	10.098510121161098
-2.9256450623538806	10.076984842332694
-2.9128500442460687	10.055515846575116
-2.9000884688247366	10.03410296491508
-2.887360235687126	10.012746028884955
-2.874665244730913	9.991444870521214
-2.862003396153275	9.97019932236287
-2.8493745904499743	9.949009217449934
-2.8367787284144397	9.927874389321882
-2.8242157111368416	9.906794672016092
-2.8116854400031803	9.885769900066325
-2.7991878166943778	9.864799908501197
-2.7867227431853676	9.843884532842647
-2.7742901217441878	9.823023609104421
-2.761889854931078	9.80221697379056
-2.7495218455975703	9.781464463893865
-2.737185996885608	9.760765916894425
-2.7248822122266345	9.740121170758085
-2.7126103953407155	9.719530063934975
-2.7003704502356305	9.698992435357988
-2.6881622812059947	9.678508124441302
-2.675985792832389	9.658076971078922
-2.6638408899804515	9.637698815643155
-2.651727477800021	9.617373498983175
-2.6396454617242355	9.59710086242351
-2.627594747468696	9.57688074776263
-2.6155752410305455	9.556712997271424
-2.6035868486876517	9.5365974536918
-2.591629476997692	9.51653396023517
-2.579703032797343	9.496522360581087
-2.5678074232013604	9.47656249887569
-2.555942555601776	9.456654219730375
-2.5441083376669997	9.436797368220267
-2.532304677340994	9.416991789882852
-2.5205314828424052	9.397237330716514
-2.50878866266373	9.37753383717913
-2.497076125570465	9.357881156186654
-2.4853937806002477	9.338279135111666
-2.4737415370620432	9.318727621782019
-2.4621193045352943	9.299226464479394
-2.450526992869075	9.279775511937903
-2.438964512181278	9.260374613342703
-2.4274317728577692	9.241023618328597
-2.415928685551566	9.221722376978642
-2.4044551611820077	9.202470739822761
-2.393011110933937	9.183268557836374
-2.3815964462568866	9.164115682439022
-2.370211078864239	9.145011965492973
-2.3588549207324334	9.125957259301876
-2.3475278841001437	9.106951416609393
-2.3362298814674674	9.087994290597829
-2.3249608255951166	9.069085734886782
-2.313720629503618	9.050225603531798
-2.3025092064725055	9.031413751023015
-2.29132647003951	9.012650032283805
-2.280172333999783	8.993934302669468
-2.2690467124050837	8.975266417965875
-2.2579495195629837	8.956646234388126
-2.246880670036081	8.938073608579238
-2.235840078641231	8.919548397608846
-2.2248276604487147	8.90107045897182
-2.2138433307814935	8.882639650586997
-2.2028870052144116	8.864255830795862
-2.1919585995734208	8.845918858361234
-2.1810580299347926	8.827628592465945
-2.1701852126243617	8.809384892711583
-2.159340064216739	8.791187619117151
-2.148522501534547	8.773036632117805
-2.137732441647655	8.75493179256355
-2.1269698018724013	8.736872961717957
-2.1162344997708438	8.71886000125689
-2.105526453149989	8.700892773267215
-2.094845580061045	8.68297114024555
-2.0841917987986456	8.66509496509696
-2.0735650279001163	8.647264111133731
-2.062965186144715	8.629478442074086
-2.052392192552875	8.611737822040924
-2.041845966385469	8.594042115560582
-2.0313264271430507	8.576391187561562
-2.02083349456513	8.558784903373313
-2.0103670886294136	8.54122312872496
-1.9999271295510779	8.523705729744083
-1.989513537782031	8.50623257295548
-1.979126234010172	8.48880352527992
-1.9687651391586698	8.471418454032934
-1.9584301743852235	8.454077226923584
-1.9481212610813348	8.436779712053221
-1.9378383208715935	8.419525777914311
-1.927581275612944	8.402315293389183
-1.9173500473939704	8.385148127748842
-1.9071445585341706	8.36802415065175
-1.8969647315832479	8.35094323214263
-1.886810489320382	8.333905242651253
-1.8766817547535384	8.316910052991268
-1.8665784511187367	8.299957534358985
-1.8565005018793563	8.283047558332203
-1.8464478307254266	8.26617999686902
-1.8364203615729178	8.249354722306649
-1.8264180185630439	8.232571607360237
-1.816440726061563	8.215830525121703
-1.8064884086580788	8.19913134905856
-1.7965609911653377	8.182473953012732
-1.7866583986185551	8.165858211199431
-1.7767805562746997	8.149283998205954
-1.7669273896118156	8.132751188990547
-1.7570988243283407	8.116259658881246
-1.747294786342409	8.099809283574738
-1.7375152017911724	8.083399939135186
-1.7277599970301214	8.067031501993121
-1.7180290986324094	8.050703848944286
-1.7083224333881626	8.034416857148493
-1.6986399283038125	8.018170404128492
-1.6889815106014305	8.001964367768858
-1.6793471077180415	7.985798626314847
-1.669736647304962	7.969673058371274
-1.6601500572271348	7.953587542901401
-1.6505872655624643	7.937541959225825
-1.6410482006011433	7.921536187021342
-1.6315327908450046	7.905570106319867
-1.6220409650068515	7.889643597507304
-1.612572652009808	7.873756541322457
-1.60312778098666	7.857908818855925
-1.5937062812791973	7.842100311549004
-1.5843080824375741	7.826330901192602
-1.5749331142196423	7.810600469926129
-1.5655813065903157	7.794908900236429
-1.5562525897209305	7.779256074956705
-1.546946893988582	7.763641877265409
-1.5376641499754964	7.74806619068518
-1.528404288468387	7.732528899081779
-1.5191672404578185	7.717029886663003
-1.509952937137566	7.701569037977625
-1.5007613099039832	7.68614623791433
-1.4915922903553716	7.6707613717006495
-1.4824458102913498	7.655414324901915
-1.4733218017122152	7.640104983420175
-1.4642201968183288	7.62483323349317
-1.455140928009496	7.609598961693295
-1.4460839278843167	7.5944020549265
-1.4370491292395897	7.579242400431303
-1.4280364650696828	7.564119885777724
-1.419045868565921	7.549034398866259
-1.4100772731159559	7.533985827926825
-1.4011306123031666	7.518974061517758
-1.3922058199060467	7.503998988524775
-1.3833028298975814	7.489060498159933
-1.3744215764446501	7.474158479960637
-1.365561993907428	7.459292823788614
-1.3567240168387489	7.444463419828865
-1.3479075799835325	7.429670158588692
-1.3391126182781798	7.414912930896691
-1.33033906684995	7.400191627901695
-1.3215868610163914	7.385506141071833
-1.312855936284734	7.370856362193502
-1.3041462283512866	7.356242183370357
-1.295457673100847	7.341663497022325
-1.2867902066061303	7.327120195884643
-1.2781437651271528	7.312612173006817
-1.2695182851106512	7.298139321751666
-1.2609137031895212	7.283701535794358
-1.252329956182197	7.269298709121385
-1.2437669810920928	7.2549307360296185
-1.2352247151070124	7.240597511125324
-1.2267030955985758	7.226298929323191
-1.21820206012164	7.212034885845367
-1.2097215464137143	7.19780527622048
-1.2012614923944094	7.1836099962827005
-1.192821836164839	7.169448942170754
-1.1844025160070668	7.155322010326981
-1.17600347038353	7.1412290974963755
-1.167624637936477	7.12717010072564
-1.1592659574873947	7.113144917362223
-1.1509273680364522	7.099153445053389
-1.1426088087619304	7.08519558174526
-1.1343102190196737	7.071271225681895
-1.126031538342522	7.057380275404332
-1.117772706439748	7.043522629749658
-1.1095336631965198	7.029698187850091
-1.1013143486733332	7.015906849132035
-1.0931147031054511	7.002148513315142
-1.0849346669023827	6.988423080411433
-1.076774180647294	6.974730450724312
-1.0686331850965	6.961070524847712
-1.0605116211788896	6.9474432036651335
-1.0524094299953939	6.933848388348744
-1.044326552818446	6.920285980358483
-1.036262931091425	6.906755881441121
-1.0282185064281384	6.893257993629395
-1.0201932206122617	6.879792219241064
-1.0121870155968198	6.866358460878043
-1.0041998335036428	6.852956621425488
-0.9962316166228264	6.839586604050893
-0.98828230741222	6.826248312203225
-0.9803518484968796	6.812941649612014
-0.9724401826685396	6.79966652028646
-0.9645472528850929	6.7864228285145645
-0.9566730022700654	6.773210478862249
-0.9488173741120853	6.760029376172459
-0.9409803118643598	6.746879425564296
-0.9331617591441672	6.733760532432152
-0.9253616597323155	6.720672602444817
-0.9175799575726487	6.7076155415446355
-0.9098165967715182	6.69458925594663
-0.9020715215972479	6.681593652137597
-0.8943446764796659	6.668628636875324
-0.8866360060095491	6.65569411718766
-0.8789454549381417	6.642790000371704
-0.8712729681766236	6.629916193992912
-0.8636184907956261	6.61707260588429
-0.8559819680246985	6.604259144145489
-0.8483633452518275	6.591475717142015
-0.8407625680229232	6.5787222335043465
-0.8331795820413155	6.565998602127107
-0.8256143331672563	6.553304732168217
-0.8180667674174238	6.540640533048072
-0.8105368309644163	6.528005914448686
-0.8030244701362674	6.515400786312879
-0.7955296314159419	6.502825058843439
-0.7880522614408387	6.490278642502275
-0.7805923070023248	6.477761448009648
-0.7731497150452062	6.465273386343271
-0.7657244326672683	6.452814368737548
-0.7583164071187785	6.440384306682735
-0.7509255858019994	6.427983111924123
-0.7435519162707007	6.4156106964612185
-0.7361953462296875	6.403266972546954
-0.7288558235342988	6.390951852686847
-0.7215332961899481	6.3786652496382255
-0.7142277123516307	6.366407076409404
-0.7069390203234525	6.354177246258893
-0.6996671685581402	6.341975672694576
-0.6924121056565853	6.329802269472947
-0.685173780367359	6.317656950598291
-0.6779521415862422	6.305539630321902
-0.6707471383557464	6.2934502231412734
-0.6635587198646582	6.281388643799339
-0.6563868354475648	6.269354807283671
-0.6492314345843773	6.257348628825686
-0.6420924668998809	6.245370023899885
-0.6349698821632632	6.233418908223068
-0.627863630287639	6.221495197753529
-0.6207736613296109	6.209598808690325
-0.6136999254887945	6.197729657472478
-0.6066423731073614	6.185887660778206
-0.5996009546695835	6.174072735524158
-0.5925756208013682	6.162284798864638
-0.5855663222698193	6.150523768190868
-0.5785730099827688	6.138789561130197
-0.5715956349883222	6.127082095545342
-0.5646341484744228	6.115401289533658
-0.5576885017683866	6.103747061426353
-0.5507586463364578	6.092119329787749
-0.5438445337833633	6.08051801341453
-0.5369461158518627	6.0689430313349835
-0.5300633444223086	6.057394302808272
-0.523196171512196	6.04587174732367
-0.5163445492757228	6.034375284599825
-0.5095084300033448	6.02290483458402
-0.5026877661213436	6.011460317451438
-0.4958825101913824	6.000041653604423
-0.4890926149100654	5.98864876367174
-0.4823180331085024	5.97728156850784
-0.47555871775188185	5.965939989192152
-0.4688146219390239	5.954623947028324
-0.46208569890195994	5.943333363543522
-0.4553719020054845	5.932068160487681
-0.44867318474674667	5.9208282598328115
-0.4419895007548025	5.909613583772257
-0.43532080379019344	5.898424054719981
-0.4286670477445229	5.887259595309858
-0.42202818664001773	5.876120128394938
-0.4154041746291264	5.865005577046773
-0.4087949659940744	5.85391586455467
-0.4022005151464505	5.842850914424997
-0.3956207766267852	5.831810650380477
-0.3890557051041319	5.8207949963594805
-0.3825052553756447	5.809803876515324
-0.37596938236616806	5.798837215215576
-0.3694480411278094	5.787894937041341
-0.3629411868395338	5.7769769667865845
-0.35644877480674486	5.766083229457421
-0.3499707604608764	5.755213650271435
-0.3435070993589706	5.744368154656973
-0.3370577471832794	5.733546668252472
-0.33062265974085125	5.722749116905765
-0.3242017929631107	5.7119754266733835
-0.31779510290547464	5.701225523819902
-0.31140254574692516	5.690499334817233
-0.30502407778961427	5.679796786343952
-0.29865965545845663	5.669117805284626
-0.29230923530072905	5.658462318729132
-0.28597277398566634	5.647830253971984
-0.27965022830406383	5.637221538511664
-0.2733415551678773	5.626636100049952
-0.26704671160981874	5.616073866491246
-0.26076565478296443	5.605534765941908
-0.25449834196035903	5.5950187267095925
-0.24824473053462004	5.584525677302593
-0.24200477801753761	5.574055546429159
-0.23577844203969178	5.563608262996867
-0.22956568035005143	5.553183756111934
-0.22336645081558704	5.542781955078576
-0.21718071142088524	5.53240278939836
-0.2110084202677429	5.522046188769523
-0.20484953557480923	5.511712083086369
-0.1987040156771651	5.501400402438564
-0.19257181902596043	5.491111077110531
-0.1864529041880294	5.480844037580801
-0.1803472298454869	5.470599214521335
-0.17425475479536612	5.460376538796918
-0.1681754379492335	5.450175941464516
-0.1621092383327949	5.439997353772606
-0.15605611508553485	5.429840707160579
-0.15001602746032328	5.419705933258079
-0.14398893482304542	5.4095929638843785
-0.1379747966522209	5.399501731047741
-0.1319735725386355	5.389432166944805
-0.12598522218495534	5.379384203959934
-0.1200097054053666	5.369357774664613
-0.1140469821251906	5.3593528118168035
-0.10809701238052005	5.349369248360332
-0.10215975631784646	5.339407017424263
-0.0962351741936871	5.329466052322281
-0.09032322637422352	5.319546286552071
-0.08442387333492629	5.3096476537947
-0.07853707566019441	5.299770087914011
-0.07266279404298626	5.289913522955993
-0.0668009892844541	5.2800778931481815
-0.0609516222935822	5.270263132899044
-0.05511465408682659	5.260469176797376
-0.049290045787743875	5.25069595961168
-0.04347775862664127	5.240943416289577
-0.037677753940207115	5.231211481957185
-0.03188999317116448	5.221500091918543
-0.026114437867896356	5.211809181654975
-0.0203510496840984	5.202138686824516
-0.014599790378428512	5.192488543261313
-0.008860621814131608	5.182858686975007
-0.0031335059587069836	5.173249054150166
0.0025815951164571693	5.163659581145676
0.008284719236433702	5.154090204494152
0.013975904123110894	5.144540860901347
0.01965518739553529	5.13501148724557
0.025322606570272743	5.1255020205770885
0.030978199061752143	5.116012398117545
0.036622002182607805	5.1065425572593846
0.042254053144035186	5.09709243556526
0.04787438905613861	5.087661970767447
0.053483046928263445	5.078251100767283
0.059080063669358474	5.068859763634568
0.06466547608830409	5.059487897607004
0.07023932089426665	5.0501354410896075
0.07580163469703338	5.0408023326541445
0.08135245400735736	5.031488511038552
0.0868918152372955	5.0221939151463735
0.09241975470054786	5.012918484046181
0.0979363086128	5.003662156971014
0.10344151309205385	4.994424873317813
0.10893540415897185	4.985206572646848
0.11441801773720872	4.976007194681158
0.11988938965374851	4.966826679305989
0.12534955563923722	4.957664966568236
0.1307985513283163	4.948521996675878
0.1362364122599593	4.93939770999742
0.1416631738777956	4.930292047061345
0.14707887153045407	4.9212049485555385
0.15248354047187895	4.912136355326763
0.15787721586166947	4.90308620838008
0.16325993276540451	4.894054448878312
0.16863172615497435	4.8850410181414805
0.17399263090889816	4.876045857646281
0.17934268181265978	4.867068909025508
0.18468191355903096	4.858110114067524
0.19001036074839472	4.849169414715713
0.19532805788906726	4.840246753067936
0.20063503939762395	4.83134207137599
0.20593133959922394	4.822455312045061
0.21121699272792416	4.813586417633195
0.21649203292700747	4.804735330850751
0.2217564942492971	4.795901994559874
0.22701041065747818	4.78708635177395
0.23225381602442008	4.778288345657067
0.23748674413348647	4.7695079195235035
0.24270922867885858	4.760745016837172
0.24792130326584694	4.751999581211105
0.2531230014112107	4.743271556406917
0.2583143565434689	4.7345608863342825
0.2634954020032132	4.72586751505041
0.2686661710434306	4.717191386759505
0.2738266968298033	4.708532445812256
0.27897701244102713	4.699890636705317
0.2841171508691218	4.691265904080769
0.2892471450197407	4.682658192725613
0.2943670277124828	4.674067447571242
0.2994768316811962	4.665493613692931
0.30457658957429246	4.65693663630931
0.30966633395504406	4.648396460781868
0.3147460973019096	4.639873032614403
0.31981591200881665	4.631366297452548
0.3248758103854854	4.622876201083232
0.3299258246577219	4.614402689434181
0.3349659869677333	4.6059457085733975
0.33999632937441504	4.597505204708672
0.3450168838536696	4.589081124187051
0.35002768229870007	4.580673413494344
0.35502875652030985	4.572282019254618
0.36002013824720613	4.563906888229695
0.36500185912630334	4.555547967318636
0.3699739507230144	4.547205203557254
0.37493644452155417	4.538878544117607
0.37988937192523853	4.530567936307497
0.3848327642567759	4.522273327569973
0.38976665275857236	4.513994665482833
0.3946910685930125	4.505731897758134
0.39960604284277546	4.4974849722416845
0.4045116065111132	4.489253836912553
0.40940779052215026	4.481038439882588
0.41429462572117615	4.472838729395909
0.4191721428749404	4.464654653828424
0.4240403726719393	4.45648616168734
0.42889934572271393	4.448333201610669
0.4337490925601366	4.440195722366745
0.4385896436396983	4.43207367285374
0.44342102933980954	4.42396700209916
0.44824327996207547	4.415875659259388
0.45305642573158966	4.407799593619183
0.4578604967972293	4.39973875459119
0.4626555232319314	4.391693091715478
0.467441535032981	4.3836625546590495
0.47221856212230096	4.375647093215362
0.4769866343467428	4.367646657303835
0.48174578147835323	4.359661196969407
0.48649603321467927	4.3516906623820155
0.4912374191790341	4.343735003836161
0.49596996892079526	4.335794171750401
0.5006937119156754	4.327868116666895
0.50540867756601	4.319956789250925
0.5101148952010366	4.312060140290426
0.5148123940771772	4.30417812069551
0.5195012033783168	4.2963106814979986
0.5241813522160843	4.288457773850958
0.5288528696301285	4.2806193490282265
0.5335157845884009	4.272795358423948
0.5381701259874299	4.264985753552105
0.542815922652605	4.25719048604605
0.5474532033384412	4.249409507658053
0.5520819967288677	4.241642770258823
0.5567023314374966	4.2338902258370545
0.5613142360079006	4.226151826498963
0.5659177389138872	4.218427524467825
0.5705128685597751	4.210717272083511
0.5750996532806605	4.203021021802045
0.5796781213427029	4.195338726195118
0.5842483009433832	4.18767033794966
0.5888102202117906	4.180015809867354
0.593363907208877	4.172375094864216
0.5979093899277492	4.164748145970097
0.6024466962939181	4.157134916328269
0.6069758541655861	4.149535359194944
0.6114968913339065	4.141949427938837
0.6160098355232537	4.134377076040708
0.6205147143915006	4.126818257092905
0.6250115555302718	4.1192729247989375
0.6295003864652258	4.111741032972995
0.6339812346563138	4.104222535539522
0.6384541274980498	4.096717386532761
0.6429190923197745	4.08922554009631
0.6473761563859242	4.081746950482669
0.6518253468962922	4.074281572052809
0.6562666909862997	4.0668293592757045
0.6607002157272528	4.059390266727917
0.6651259481266125	4.051964249093129
0.6695439151282563	4.0445512611617165
0.673954143612741	4.037151257830299
0.6783566603975655	4.029764194101304
0.6827514922374336	4.022390025082521
0.6871386658245133	4.015028705986671
0.6915182077887052	4.007680192130957
0.6958901446978936	4.000344438936637
0.7002545030582148	3.993021401928578
0.7046113093143127	3.985711036734828
0.7089605898496045	3.978413299086166
0.71330237098653	3.971128144815686
0.7176366789868229	3.963855529858345
0.7219635400517581	3.9565954102505416
0.7262829803224151	3.9493477421296785
0.730595025879941	3.942112481733722
0.7348997027457917	3.9348895854007915
0.7391970368820076	3.9276790095687035
0.7434870541914611	3.9204807107745534
0.7477697805181092	3.913294645654291
0.7520452416472581	3.9061207709422776
0.7563134633058102	3.898959043470871
0.7605744711625277	3.8918094201699844
0.7648282908282775	3.884671858066674
0.7690749478562955	3.877546314284697
0.7733144677424324	3.8704327460440964
0.7775468759254127	3.86333111066077
0.7817721977870837	3.8562413655460497
0.7859904586526762	3.849163468206266
0.7902016837910462	3.8420973762423425
0.7944058984149325	3.83504304734936
0.798603127681214	3.828000439316132
0.8027933966911478	3.820969510024797
0.8069767304906383	3.8139502174503717
0.8111531540704706	3.806942519660361
0.8153226923665726	3.7999463748143114
0.8194853702602609	3.792961741163407
0.8236412125784915	3.7859885770500408
0.8277902440941101	3.7790268409074024
0.831932489526098	3.7720764912590576
0.8360679735398282	3.7651374867185248
0.8401967207473078	3.758209785988866
0.8443187557074272	3.751293347862267
0.848434102926213	3.7443881312196168
0.852542786857069	3.7374940950301005
0.8566448319010296	3.7306111983507737
0.8607402624070049	3.7237394003261537
0.8648291026720267	3.7168786601878048
0.8689113769414964	3.7100289372539224
0.8729871094094332	3.7031901909289187
0.8770563242187146	3.6963623807030155
0.8811190454613298	3.6895454661518214
0.8851752971786229	3.682739406935925
0.8892251033615333	3.6759441628004885
0.8932684879508486	3.6691596935748243
0.8973054748374438	3.6623859591719947
0.9013360878625312	3.6556229195883923
0.9053603508178987	3.6488705349033395
0.9093782874461596	3.6421287652786694
0.9133899214409946	3.6353975709583204
0.9173952764473943	3.628676912267928
0.9213943760619046	3.6219667496144163
0.9253872438328692	3.615267043485585
0.9293739032606729	3.608577754449709
0.9333543777979876	3.6018988431551175
0.9373286908500087	3.595230270329806
0.9412968657747038	3.5885719967810106
0.9452589258830484	3.581923983394817
0.9492148944392782	3.5752861911357376
0.9531647946611215	3.5686585810463214
0.9571086497200456	3.562041114246735
0.9610464827414975	3.555433751934369
0.9649783168051456	3.548836455383422
0.9689041749451182	3.5422491859445095
0.9728240801502519	3.5356719050442393
0.9767380553643257	3.5291045741848235
0.9806461234863022	3.522547154943673
0.9845483073705723	3.515999608972985
0.9884446298271952	3.509461897999343
0.9923351136221332	3.50293398382332
0.9962197814774956	3.496415828319073
1.0000986560717853	3.489907393433925
1.0039717600401241	3.4834086411879897
1.007839115974508	3.4769195336737426
1.0117007464240357	3.4704400330556364
1.015556673895155	3.4639701015696907
1.0194069208518948	3.4575097015230964
1.0232515097161166	3.451058795293803
1.0270904628677409	3.4446173453301294
1.0309238026449936	3.4381853141503576
1.034751551344645	3.4317626643423265
1.038573731222244	3.4253493585630426
1.042390364492363	3.4189453595382666
1.0462014733288338	3.4125506300621202
1.0500070798649839	3.406165132996685
1.053807206193881	3.3997888312715983
1.0576018743685656	3.39342168788366
1.061391106402295	3.3870636658964184
1.0651749242687756	3.3807147284397905
1.0689533499024089	3.3743748387096404
1.0727264051985226	3.3680439599673964
1.0764941120136138	3.3617220555396408
1.0802564921655833	3.355409088817717
1.084013567433979	3.349105023257322
1.087765359560229	3.342809822378114
1.0915118902478835	3.3365234497633085
1.0952531811628503	3.3302458690592807
1.098989253933634	3.323977043975166
1.102720130151576	3.317716938282455
1.1064458313710885	3.311465515814606
1.1101663791098966	3.305222740466631
1.113881794849275	3.298988576194706
1.117592100034284	3.2927629870157706
1.1212973160740127	3.286545937007121
1.1249974643418101	3.2803373903060224
1.128692566175532	3.2741373111092953
1.132382642877771	3.267945663672928
1.1360677157160979	3.2617624123116733
1.1397478059233046	3.2555875213986396
1.143422934697633	3.2494209553649087
1.1470931232030224	3.243262678699117
1.1507583925693405	3.2371126559470724
1.154418763892631	3.2309708517113362
1.15807425823534	3.2248372306508424
1.161724896626565	3.2187117574804835
1.1653707000622908	3.2125943969707103
1.169011689505624	3.206485113947142
1.1726478858870375	3.2003838732901535
1.1762793101046076	3.194290639934479
1.1799059830242495	3.1882053788688163
1.1835279254799627	3.1821280551354154
1.1871451582740662	3.1760586338296832
1.1907577021774391	3.169997080099781
1.1943655779297573	3.163943359146225
1.1979688062397398	3.1578974362214765
1.2015674077853786	3.1518592766295512
1.2051614032141886	3.145828845725607
1.208750813143441	3.139806108915545
1.212335658160407	3.1337910316556052
1.2159159588225952	3.1277835794519664
1.2194917356579935	3.121783717860341
1.223063009165311	3.115791412485569
1.2266297998142168	3.1098066289812163
1.230192128045581	3.103829333049172
1.2337500142717166	3.097859490439241
1.2373034788766213	3.09189706694874
1.2408525422162182	3.085942028422092
1.2443972246185981	3.0799943407504196
1.2479375463842584	3.074053969871146
1.251473527786352	3.0681208817675762
1.2550051890709222	3.062195042468502
1.2585325504571496	3.056276418047789
1.2620556321375924	3.050364974623973
1.265574454278433	3.0444606783598473
1.2690890370197176	3.0385634954620575
1.2725994004756025	3.0326733921806923
1.2761055647345918	3.0267903348088816
1.2796075498597927	3.02091428968237
1.2831053758891466	3.015045223179127
1.2865990628356871	3.0091831017189166
1.290088630687771	3.003327891762908
1.2935740994093334	2.9974795598132484
1.2970554889401293	2.991638072412656
1.3005328191959813	2.9858033961440067
1.3040061100690223	2.979975497629926
1.3074753814279425	2.974154343532374
1.3109406531182397	2.968339900552225
1.3144019449624624	2.9625321354288614
1.317859276760458	2.9567310149397557
1.3213126682896215	2.9509365059000534
1.3247621393051408	2.945148575162163
1.3282077095402494	2.939367189615329
1.3316493987064695	2.9335923161852264
1.3350872264938645	2.927823921833537
1.3385212125712904	2.922061973557526
1.3419513765866387	2.9163064383896353
1.3453777381670928	2.9105572833970537
1.3488003169193774	2.904814475681298
1.352219132430006	2.899077982377798
1.3556342042655356	2.8933477706554678
1.359045551972818	2.8876238077162864
1.3624531950792502	2.8819060607948757
1.365857153093029	2.8761944971580746
1.369257445503403	2.870489084104515
1.3726540917809258	2.864789788964197
1.3760471113777093	2.859096579098066
1.3794365237276804	2.853409421897578
1.3828223482468356	2.8477282847842775
1.386204604333491	2.8420531352093725
1.389583311368546	2.836383940653297
1.3929584887157336	2.8307206686252875
1.3963301557218808	2.825063286662948
1.3996983317171638	2.819411762331822
1.403063036015364	2.813766063224959
1.4064242879141313	2.8081261569624796
1.4097821066952385	2.8024920111911427
1.413136511624844	2.796863593583908
1.4164875219537483	2.791240871839503
1.4198351569176553	2.7856238136819877
1.4231794357374372	2.780012386860308
1.4265203776193889	2.7744065591478684
1.4298580017554983	2.768806298342081
1.4331923273237006	2.7632115722639354
1.4365233734881486	2.7576223487575486
1.439851159399472	2.752038595689726
1.4431757041950455	2.7464602809495178
1.446497026999251	2.7408873724477703
1.4498151469237457	2.7353198381166846
1.4531300830677252	2.7297576459093684
1.4564418545181939	2.7242007637993875
1.4597504803502304	2.7186491597803175
1.46305597962726	2.7131028018652867
1.4663583714013153	2.7075616580865396
1.4696576747133152	2.7020256964949696
1.472953908593331	2.6964948851596704
1.4762470920608552	2.6909691921674863
1.4795372441250774	2.6854485856225496
1.4828243837851551	2.679933033645825
1.4861085300304875	2.6744225043746503
1.4893897018409878	2.6689169659622807
1.4926679181873597	2.663416386577426
1.4959431980313718	2.6579207344037843
1.4992155603261348	2.652429977639585
1.5024850240163787	2.6469440844971164
1.5057516080387277	2.6414630232022707
1.5090153313219812	2.6359867619940665
1.5122762127873965	2.6305152691241793
1.515534271348961	2.6250485128564836
1.5187895259136786	2.619586461466569
1.5220419953818518	2.614129083241271
1.5252916986473624	2.608676346478199
1.5285386545979565	2.6032282194852576
1.5317828821155264	2.597784670580172
1.535024400076399	2.5923456680900077
1.538263227351621	2.5869111803506883
1.541499382807244	2.5814811757065206
1.5447328853046165	2.5760556225097004
1.5479637537006676	2.570634489119841
1.551192006848201	2.565217743903477
1.5544176635961853	2.559805355233578
1.5576407427900434	2.5543972914890625
1.5608612632719456	2.548993521054307
1.5640792438811078	2.5435940123186462
1.567294703454077	2.538198733675891
1.5705076608250381	2.5328076535238178
1.5737181348261016	2.5274207402636826
1.5769261442876046	2.522037962299716
1.5801317080384119	2.5166592880386216
1.58333484490621	2.511284685889078
1.5865355737178122	2.505914124261229
1.5897339132994606	2.500547571566178
1.5929298824771272	2.495184996215481
1.596123500076818	2.489826366620637
1.599314784924878	2.484471651192575
1.6025037558483	2.4791208183411406
1.6056904316750291	2.4737738364745767
1.6088748312342722	2.4684306739990127
1.6120569733568075	2.4630912993179397
1.6152368768752952	2.457755680831692
1.6184145606245908	2.4524237869369188
1.6215900434420565	2.447095586026065
1.6247633441678762	2.4417710464868403
1.627934481645372	2.436450136701688
1.63110347472132	2.4311328250472575
1.634270342246268	2.4258190798938672
1.6374351030748582	2.4205088696049684
1.6405977760661417	2.4152021625366125
1.643758380083907	2.4098989270369016
1.646916933996998	2.4045991314454573
1.6500734566796422	2.3993027440928665
1.6532279670117747	2.394009733300139
1.6563804838793672	2.388720067378157
1.6595310261747513	2.3834337146271296
1.6626796127969565	2.37815064333603
1.665826262652036	2.3728708217820422
1.6689709946533995	2.3675942182300105
1.6721138277221503	2.362320800931867
1.6752547807874185	2.3570505381260785
1.6783938727866987	2.3517833980370746
1.6815311226661889	2.346519348874681
1.6846665493811288	2.3412583588335534
1.6878001718961464	2.336000396092595
1.6909320091855895	2.330745428814399
1.6940620802338866	2.325493425144644
1.6971904040358774	2.3202443532115398
1.7003169995971723	2.3149981811252247
1.7034418859344915	2.309754876977194
1.706565082076023	2.304514408839702
1.709686607061773	2.2992767447651725
1.7128064799439173	2.29404185278561
1.7159247197871628	2.2888097009119934
1.7190413456690956	2.2835802571336905
1.7221563766805494	2.2783534894178405
1.7252698319259607	2.2731293657087592
1.7283817305237326	2.267907853927327
1.7314920916065974	2.2626889219703807
1.7346009343219861	2.2574725377100955
1.7377082778323925	2.2522586689933703
1.7408141413157416	2.247047283641213
1.7439185439657656	2.2418383494481082
1.7470215049923732	2.236631834181397
1.7501230436220225	2.2314277055806526
1.7532231790981054	2.2262259313570345
1.7563219306813156	2.2210264791926715
1.7594193176500388	2.215829316740006
1.7625153593007261	2.2106344116211685
1.7656100749482864	2.2054417314273187
1.7687034839264677	2.2002512437180064
1.771795605588246	2.1950629160205173
1.774886459306215	2.189876715829221
1.7779760644729812	2.184692610604908
1.7810644405015537	2.179510567774132
1.7841516068257455	2.1743305547285434
1.7872375829005656	2.1691525388242248
1.7903223882026247	2.163976487381013
1.7934060422305342	2.15880236768183
1.796488564505314	2.153630146971999
1.7995699745707963	2.148459792458565
1.8026502919940375	2.143291271309604
1.8057295363657249	2.1381245506535436
1.808807727300594	2.132959597578458
1.8118848844378428	2.1277963791313765
1.8149610274415506	2.1226348623175793
1.8180361760010952	2.117475014099899
1.821110349831579	2.112316801398002
1.8241835686742518	2.107160191087684
1.8272558522969382	2.1020051500001484
1.830327220494466	2.096851644921291
1.8333976930891007	2.0916996425909677
1.8364672899309786	2.0865491097022715
1.8395360308985411	2.0814000129008
1.8426039358989799	2.076252318783911
1.8456710248686716	2.071105993899992
1.8487373177736257	2.065961004747709
1.8518028346099331	2.060817317775255
1.854867595404213	2.0556748993795972
1.8579316202140648	2.050533715905722
1.860994929128522	2.04539373364587
1.8640575422685133	2.040254918838767
1.8671194797873196	2.035117237668852
1.8701807618710347	2.029980656265509
1.873241408739035	2.024845140702274
1.8763014406444456	2.0197106569960566
1.8793608778746107	2.0145771711063505
1.882419740751568	2.009444648934435
1.8854780496325234	2.0043130563225797
1.8885358249103354	1.9991823590532347
1.8915930870139919	1.9940525228482253
1.8946498564090972	1.988923513367938
1.897706153598362	1.9837952962104994
1.900761999122092	1.978667836910952
1.9038174135586847	1.973541100940426
1.906872417525122	1.968415053705309
1.9099270316774786	1.9632896605463932
1.9129812767114145	1.9581648867380514
1.9160351733626917	1.9530406974873675
1.9190887424076783	1.9479170579332925
1.9221420046638622	1.9427939331457817
1.9251949809903677	1.9376712881249265
1.9282476922884757	1.9325490878000846
1.9313001595021435	1.9274272970290056
1.9343524036185324	1.9223058805969462
1.93740444566854	1.9171848032157774
1.9404563067273282	1.912064029523098
1.9435080079148614	1.9069435240813317
1.946559570396445	1.901823251376825
1.9496110153832695	1.8967031758189306
1.9526623641329572	1.8915832617390953
1.9557136379501125	1.8864634733899313
1.9587648581868735	1.8813437749442947
1.9618160462434713	1.8762241304943446
1.9648672235687912	1.8711045040506027
1.967918411660935	1.8659848595410093
1.9709696320677927	1.860865160809964
1.9740209063876115	1.8557453716173717
1.977072256269574	1.850625455637672
1.9801237034143784	1.8455053764588638
1.9831752695748177	1.840385097581537
1.9862269765563736	1.8352645824178742
1.9892788462178064	1.830143794290659
1.9923309004717458	1.8250226964322893
1.9953831612852946	1.8199012519837585
1.9984356506806344	1.8147794239936448
2.001488390735628	1.8096571754170965
2.0045414035844367	1.8045344691147989
2.007594711418133	1.799411267851943
2.0106483364853203	1.7942875342971893
2.013702301092761	1.7891632310216115
2.016756627606004	1.7840383204976447
2.0198113384500167	1.7789127650980243
2.022866456109823	1.773786527094716
2.025922003131149	1.7686595686578315
2.0289780021210655	1.763531851854553
2.0320344757486417	1.758403338648033
2.0350914467455983	1.7532739908962993
2.0381489379069713	1.7481437703511427
2.041206972091776	1.743012638657001
2.0442655722236758	1.7378805573498401
2.047324761291658	1.7327474878560163
2.0503845623507133	1.727613391491136
2.0534449985225187	1.7224782294589145
2.056506092996128	1.717341962850011
2.0595678690286667	1.7122045526408693
2.062630349946029	1.7070659596925424
2.0656935591435848	1.7019261447495104
2.068757520086885	1.6967850684384944
2.071822256312381	1.6916426912672495
2.074887791428141	1.6864989736233658
2.077954149114578	1.6813538757730444
2.0810213531251747	1.6762073578598797
2.084089427287225	1.671059379903617
2.0871583955025717	1.6659099017989174
2.090228281748355	1.660758883314095
2.093299110077764	1.6556062840898649
2.096370904620793	1.6504520636380644
2.0994436895850073	1.6452961813403761
2.10251748925631	1.6401385964470374
2.105592327999718	1.6349792680755393
2.108668230260144	1.6298181552093145
2.1117452205631775	1.6246552166964257
2.1148233235158846	1.6194904112482238
2.117902563807603	1.614323697438019
2.120982966210743	1.6091550336997256
2.124064555581605	1.603984378326504
2.127147356861189	1.5988116894693905
2.1302313950760237	1.593636925135913
2.133316695338994	1.5884600431887026
2.1364032828501727	1.5832810013440937
2.1394911828976673	1.5780997571707063
2.1425804208584656	1.572916268088027
2.1456710221992945	1.567730491364967
2.1487630124774753	1.562542384118428
2.151856417341799	1.557351903311833
2.1549512625333973	1.5521590057536638
2.1580475738866247	1.5469636480959834
2.1611453773299485	1.5417657868329402
2.1642446988868427	1.53656537829927
2.1673455646766957	1.531362378668771
2.170448000915713	1.5261567439527906
2.17355203391784	1.5209484299986784
2.176657690095682	1.5157373924882367
2.17976499596144	1.5105235869361573
2.182873978127849	1.505306968688446
2.1859846633091173	1.5000874929208388
2.189097078321893	1.4948651146371925
2.1922112500862143	1.489639788667879
2.195327205626486	1.4844114696681545
2.1984449720724526	1.4791801121165218
2.201564576660185	1.4739456703130784
2.2046860467330722	1.4687080983778495
2.2078094097428242	1.463467350249107
2.210934693250479	1.4582233796816788
2.21406192492742	1.4529761402452444
2.217191132556402	1.447725585322608
2.220322344032584	1.44247166810797
2.223455587364574	1.4372143416051748
2.2265908906754763	1.4319535586259469
2.2297282822039506	1.4266892717881228
2.2328677903052845	1.4214214335138442
2.2360094434524647	1.4161499960277641
2.239153270237268	1.4108749113552157
2.242299299371349	1.4055961313203857
2.2454475596873515	1.4003136075444529
2.248598080140015	1.395027291443728
2.251750889807301	1.3897371342277651
2.254906017891521	1.3844430868974709
2.25806349372048	1.3791451002431812
2.2612233467486242	1.3738431248427414
2.2643856065582026	1.3685371110595532
2.267550302860438	1.363227009040609
2.2707174654967033	1.357912768714523
2.273887124439712	1.3525943397895277
2.277059309794719	1.347271671751464
2.280234051800728	1.3419447138617526
2.283411380831715	1.3366134151553408
2.2865913273978533	1.3312777244386498
2.2897739221467575	1.325937590287484
2.292959195864734	1.3205929610449338
2.2961471794780435	1.3152437848192609
2.2993379040541706	1.3098900094817598
2.3025314008031135	1.304531582664604
2.3057277010786708	1.299168451758679
2.308926836379753	1.2938005639113828
2.312128838351697	1.2884278660244257
2.3153337387875936	1.2830503047515958
2.318541569629631	1.27766782649651
2.321752362970441	1.2722803774103517
2.3249661510544657	1.2668879033895801
2.328182966279331	1.261490350073623
2.3314028411972347	1.2560876628425517
2.3346258085163423	1.2506797868147335
2.337851901102204	1.2452666668444587
2.3410811519791705	1.2398482475195636
2.3443135943318367	1.2344244731590073
2.3475492615064844	1.2289952878104515
2.350788187012548	1.2235606352478
2.354030404524085	1.218120458968734
2.3572759478812673	1.212674702192209
2.360524851091878	1.2072233078559398
2.3637771483328276	1.2017662186138622
2.367032873951679	1.1963033768335691
2.3702920624681907	1.1908347245937252
2.3735547485758697	1.1853602036814563
2.3768209671435407	1.179879755589723
2.380090753216927	1.1743933215146625
2.3833641420202496	1.1689008423529077
2.3866411689578344	1.1634022586988897
2.3899218696157423	1.1578975108421041
2.393206279763405	1.152386538764365
2.3964944353552804	1.1468692821370272
2.3997863725325264	1.1413456803181792
2.4030821276246788	1.1358156723498247
2.4063817371513583	1.130279196955023
2.4096852378239806	1.124736192535015
2.412992666547491	1.1191865971663157
2.4163040604221093	1.1136303485977854
2.419619456745094	1.1080673842476687
2.42293889301252	1.1024976412006142
2.426262406921075	1.0969210562046583
2.4295900363698695	1.0913375656681858
2.4329218194622664	1.0857471056568657
2.4362577945077266	1.08014961189055
2.43959800002367	1.074545019740153
2.442942474737355	1.068933264224497
2.4462912575877747	1.063314280007131
2.4496443877275724	1.0576880013931156
2.4530019045249736	1.0520543623257823
2.456363847565735	1.046413296383464
2.459730256655111	1.040764736776193
2.463101171819845	1.0351086163423624
2.4664766333101698	1.0294448675453676
2.469856681601832	1.0237734224702093
2.473241357398138	1.0180942128200638
2.476630701632012	1.012407169912826
2.480024755468077	1.0067122246776186
2.4834235603047614	1.0010093076512603
2.4868271577764105	0.9952983489747166
2.490235589755436	0.9895792783895014
2.4936488983544702	0.9838520252340537
2.49706712592855	0.9781165184400807
2.5004903150773217	0.9723726865288554
2.5039185086472573	0.9666204576074928
2.507351749733904	0.9608597593651856
2.5107900816841493	0.9550905190693952
2.5142335480985034	0.9493126635620244
2.517682192833414	0.9435261192555346
2.521136060003594	0.93773081212904
2.524595193984375	0.9319266677243562
2.5280596394140855	0.9261136111420131
2.5315294411964464	0.9202915670372328
2.5350046445029966	0.9144604596158616
2.538485294775534	0.9086202126302718
2.5419714377285887	0.9027707493752138
2.5454631193519153	0.8969119926836353
2.5489603859130057	0.8910438649224621
2.552463283959635	0.8851662879883269
2.555971860322427	0.8792791833032674
2.559486162117443	0.8733824718103789
2.5630062367488025	0.86747607396942
2.5665321319113192	0.861559909752386
2.570063895593174	0.8556338986390281
2.573601576078607	0.8496979596123332
2.5771452219506386	0.84375201115396
2.5806948820938143	0.8377959712396316
2.5842506056969823	0.8318297573344764
2.5878124422560926	0.8258532863883328
2.5913804415770283	0.8198664748309941
2.59495465377846	0.8138692385674228
2.5985351292947323	0.8078614929729064
2.6021219188787805	0.8018431528881637
2.605715073605069	0.7958141326144121
2.6093146448725686	0.7897743459083767
2.6129206844077526	0.7837237059772568
2.616533244267635	0.7776621254736342
2.620152376842827	0.77158951649034
2.623778134860634	0.7655057905552615
2.6274105713881757	0.7594108586261027
2.6310497398355452	0.7533046310850892
2.6346956939589923	0.7471870177336224
2.638348487864145	0.7410579277868757
2.6420081760092584	0.7349172698683437
2.6456748132085006	0.7287649520043269
2.649348454635271	0.7226008816183661
2.653029155825548	0.7164249655256234
2.6567169726812776	0.7102371099271976
2.6604119614737893	0.7040372204043913
2.664114178847255	0.6978252019129109
2.6678236818221706	0.6916009587770161
2.671540527798891	0.685364394683601
2.675264774561181	0.6791154126762248
2.678996480279819	0.672853915149069
2.6827357035162303	0.6665798038408451
2.6864825032261566	0.6602929798286313
2.6902369387633662	0.6539933435216504
2.693999069883401	0.647680794654981
2.697768956747364	0.6413552322832048
2.7015466599257425	0.635016554773989
2.7053322404022735	0.6286646598016021
2.709125759577848	0.6222994443403609
2.7129272792744556	0.615920804658015
2.7167368617391743	0.6095286363090505
2.72055456964819	0.6031228341279429
2.7243804661108753	0.5967032922223189
2.7282146146738926	0.5902699039660655
2.732057079325356	0.5838225619923528
2.735907924499025	0.5773611581865926
2.7397672150785475	0.57088558367932
2.743635016401749	0.5643957288390002
2.7475113942649596	0.5578914832647616
2.7513964149273957	0.5513727357790489
2.75529014511558	0.5448393744202055
2.7591926520278136	0.5382912864349676
2.763104003338692	0.5317283582708897
2.767024267203671	0.5251504755686818
2.7709535122636773	0.5185575231544711
2.7748918076497753	0.5119493850319776
2.7788392229878744	0.5053259443746091
2.782795828403494	0.49868708351746993
2.786761694526573	0.4920326839492874
2.7907368924963376	0.4853626263042494
2.7947214939662146	0.4786767903537556
2.798715571108799	0.47197505499808384
2.802719196620879	0.46525729825795886
2.8067324437285097	0.4585233972660385
2.8107553861921417	0.4517732282583079
2.81478809831181	0.44500666656537646
2.8188306549323716	0.43822358660368244
2.822883131448807	0.43142386186660575
2.8269456038115717	0.4246073649154819
2.8310181485320114	0.41777396737051975
2.835100842687833	0.41092353990161984
2.839193763928636	0.4040559522190944
2.8432969904815026	0.39717107306428584
2.8474106011566516	0.39026877020008094
2.8515346753531494	0.38334891040132935
2.8556692930646888	0.37641135944514553
2.8598145348854254	0.369455982101115
2.8639704820158847	0.36248264212138726
2.8681372162689236	0.3554912022306666
2.8723148200757698	0.3484815241160834
2.8765033764921175	0.34145346841696383
2.8807029692042967	0.3344068947144789
2.8849136825355046	0.327341661521187
2.8891356014521135	0.32025762627045373
2.893368811570039	0.31315464530576126
2.8976133991611888	0.306032573869893
2.9018694511599743	0.298891266094004
2.9061370551698995	0.2917305749865669
2.910416299470222	0.2845503524221944
2.9147072730226875	0.2773504491303412
2.9190100654783393	0.2701307146838748
2.9233247671844063	0.26289099748752226
2.927651469191264	0.2556311447661871
2.9319902632594763	0.24835100255313405
2.9363412418669164	0.24105041567804353
2.9407044982159656	0.23372922775492727
2.9450801262407937	0.2263872811699188
2.9494682206147242	0.21902441706890957
2.953868876757678	0.21164047534506406
2.9582821908437045	0.20423529462617865
2.962708259808596	0.1968087122619074
2.9671471813575905	0.1893605643108391
2.9715990539731587	0.1818906855274272
2.976063976922883	0.17439890934877436
2.980542050267423	0.16688506788126142
2.985033374868573	0.15934899188703328
2.9895380523974127	0.1517905107703189
2.994056185342549	0.1442094525636032
2.9985878770184513	0.13660564391364094
3.0031332315738872	0.12897891006730425
3.007692354000448	0.12132907485727415
3.012265350141177	0.11365596068756513
3.016852326699298	0.10595938851888025
3.0214533912470367	0.09823917785380606
3.0260686522345543	0.09049514672182686
3.0306982189989773	0.08272711166417149
3.0353422017735325	0.07493488771848433
3.040000711696791	0.06711828840331784
3.044673860822015	0.05927712570244488
3.049361762126619	0.05141121004898947
3.0540645295217335	0.043520350309372804
3.058782277861888	0.03560435376707336
3.063515122954801	0.027663026106193297
3.0682631815712873	0.01969617139484052
3.0730265714552787	0.011703592068308252
3.077805411333968	0.0036850889120613886
3.0825998209280647	-0.004359538955476095
3.0874099209621737	-0.012430494100335893
3.0922358331753013	-0.02052798079062967
3.0970776803314743	-0.02865220501437348
3.1019355862304967	-0.036803374497529004
3.106809675718822	-0.04498169872225386
3.111700074700564	-0.05318738894537128
3.116606910148631	-0.061420658217055286
3.121530310115996	-0.06968172139973862
3.126470403747098	-0.07797079518724792
3.1314273212893835	-0.08628809812416324
3.1364011941049785	-0.09463385062540852
3.1413921546825097	-0.10300827499608033
3.146400336649053	-0.11141159545150452
3.151425874782241	-0.11984403813754387
3.156468905022504	-0.128305831151142
3.1615295644854617	-0.1367972045611148
3.166607991474465	-0.14531839042919223
3.171704325493287	-0.15386962283131625
3.176818707258966	-0.1624511378791892
3.1819512787148083	-0.17106317374209043
3.187102183043542	-0.17970597066894717
3.192271564680635	-0.18837977101068276
3.197459569327771	-0.19708481924282686
3.20266634396649	-0.20582136198840356
3.2078920368719976	-0.2145896480411017
3.213136797627138	-0.22338992838872143
3.218400777136538	-0.23222245623690718
3.223684127640929	-0.2410874870331754
3.2289870027316345	-0.24998527849122854
3.2343095573652456	-0.2589160906155748
3.239651947878469	-0.2678801857264435
3.2450143320031586	-0.27687782848500886
3.2503968688815346	-0.28590928591892295
3.255799719081589	-0.2949748274481671
3.261223044612678	-0.3040747249112138
3.266667008941311	-0.3132092525915195
3.2721317770071314	-0.32237868724434166
3.2776175152391023	-0.33158330812388975
3.2831243915718797	-0.34082339701080766
3.2886525754624034	-0.3500992382400049
3.2942022379066858	-0.35941111872882947
3.2997735514568114	-0.36875932800559125
3.3053666902381496	-0.37814415823844433
3.3109818299667806	-0.38756590426462495
3.3166191479671427	-0.39702486362006334
3.3222788231898965	-0.4065213365693581
3.3279610362300147	-0.4160556261361284
3.333665969345101	-0.4256280381337538
3.339393806473937	-0.43523888119649246
3.345144733255264	-0.44488846681099553
3.350918937046801	-0.4545771093482204
3.3567166069445054	-0.4643051260957428
3.362537933802071	-0.474072837290481
3.3683831102506847	-0.48388056615183855
3.374252330719018	-0.49372863891525365
3.380145791453489	-0.5036173848661917
3.3860636905387693	-0.5135471363745611
3.392006227918561	-0.5235182289295698
3.3979736054166327	-0.5335310011750218
3.4039660267581278	-0.5435857949450783
3.4099836975911457	-0.5536829553004577
3.416026825508597	-0.5638228305651163
3.4220956200703414	-0.5740057723633902
3.428190292825612	-0.5842321356576196
3.4343110573357203	-0.5945022787862504
3.440458129197066	-0.6048165635024384
3.4466317260644326	-0.6151753550131416
3.452832067674592	-0.6255790220187216
3.459059375870209	-0.6360279367530596
3.4653138746240613	-0.6465224750241892
3.4715957900635686	-0.6570630162554599
3.4779053504956456	-0.6676499435272344
3.484242786431874	-0.6782836436191272
3.4906083306140054	-0.6889645070527961
3.497002218039802	-0.699692928135299
3.5034246859892018	-0.7104693050030001
3.5098759740508396	-0.7212940396660682
3.516356324148913	-0.7321675380535556
3.5228659805703972	-0.7430902100590608
3.52940518999262	-0.754062469587002
3.535974201511202	-0.7650847345994921
3.542573266668361	-0.7761574271638376
3.549202639481599	-0.7872809735006663
3.555862576472755	-0.7984558040326816
3.562553336697458	-0.8096823534340787
3.5692751817749597	-0.8209610606806022
3.5760283759183693	-0.8322923691002784
3.5828131859652883	-0.8436767264248177
3.589629881408855	-0.8551145848417031
3.5964787344292035	-0.8666064010469778
3.6033600199253417	-0.8781526362987334
3.6102740155474566	-0.8897537564713167
3.6172210017296553	-0.901410232110262
3.6242012617231403	-0.9131225384879631
3.631215081629839	-0.9248911556600938
3.638262750436475	-0.9367165685227851
3.645344560049111	-0.9485992668705762
3.652460805328147	-0.9605397454551462
3.659611784123803	-0.9725385040448458
3.66679779731207	-0.9845960474850235
3.674019148831161	-0.9967128857591872
3.68127614571845	-1.0088895340509816
3.6885690981479113	-1.0211265128070115
3.6958983194680775	-1.0334243478005334
3.7032641262405086	-1.0457835701960003
3.710666838278788	-1.0582047166144923
3.718106778688055	-1.0706883292000557
3.7255842739050773	-1.0832349556869334
3.7330996537388685	-1.0958451494677262
3.740653251411877	-1.1085194696624947
3.748245403601727	-1.1212584811888058
3.7558764504835445	-1.1340627548327473
3.7635467357728656	-1.1469328673209285
3.7712566067691373	-1.1598694013934645
3.779006414399817	-1.17287294587798
3.786796513265097	-1.1859440957646454
3.794627261683228	-1.1990834522822322
3.802499021736499	-1.2122916229752583
3.8104121593178326	-1.225569221782177
3.818367044178051	-1.2389168691146792
3.826364049973791	-1.252335191938095
3.8344035543160895	-1.2658248238529146
3.842485938819656	-1.279386405177465
3.8506115891528307	-1.2930205830317332
3.8587808950882527	-1.3067280114223851
3.866994250554225	-1.3205093513289528
3.8752520536868267	-1.3343652707912705
3.8835547068827405	-1.3482964449981194
3.8919026168528377	-1.3623035563771362
3.9002961946765207	-1.3763872946859967
3.9087358558568353	-1.390548357104888
3.917222020376362	-1.4047874483302922
3.9257551127539116	-1.4191052806701139
3.9343355621020177	-1.4335025741401508
3.942963802185255	-1.4479800565619447
3.951640271479393	-1.4625384636620389
3.9603654132313904	-1.477178539172642
3.969139675520254	-1.491901034933745
3.9779635113187677	-1.5067067109966956
3.9868373785561104	-1.5215963357292703
3.995761740181377	-1.5365706859222543
4.004737064228011	-1.5516305468975529
4.01376382387917	-1.5667767126178727
4.022842497534039	-1.5820099857979861
4.0319735688750935	-1.597331178017602
4.041157526936356	-1.6127411098358808
4.050394866172627	-1.6282406109076086
4.059686086529729	-1.6438305201010603
4.069031693515782	-1.6595116856175876
4.078432198273499	-1.675284965112933
4.087888117653566	-1.6911512258203496
4.097399974289067	-1.707111344675482
4.10696829667102	-1.7231662084431127
4.116593619225016	-1.7393167138457504
4.126276482388983	-1.7555637676941134
4.136017432692088	-1.7719082870195277
4.145817022834828	-1.7883511992082994
4.155675811770268	-1.8048934421380367
4.165594364786509	-1.8215359643160216
4.175573253590364	-1.8382797250196121
4.185613056392279	-1.8551256944387275
4.195714357992516	-1.8720748538204646
4.20587774986862	-1.88912819561585
4.216103830264185	-1.9062867236287957
4.226393204278944	-1.9235514531672506
4.2367464839602205	-1.940923411196652
4.247164288395725	-1.9584036364956348
4.257647243807763	-1.9759931798141017
4.26819598364885	-1.9936931040336556
4.278811148698764	-2.011504484330449
4.289493387163059	-2.0294284083404808
4.300243354773071	-2.047465976327394
4.31106171488743	-2.0656183013528127
4.321949138595101	-2.08388650944923
4.332906304820005	-2.102271739795558
4.343933900427212	-2.1207751448953025
4.355032620330757	-2.1393978907574804
4.366203167603086	-2.158141157080257
4.377446253586189	-2.177006137437414
4.388762598004414	-2.1959940394676423
4.400152929079013	-2.2151060850667568
4.411617983644449	-2.2343435105828213
4.423158507266468	-2.2537075670142914
4.434775254362011	-2.2731995202112003
4.446468988320951	-2.2928206510794293
4.4582404816297165	-2.312572255788136
4.470090515996819	-2.3324556459803834
4.482019882480324	-2.3524721489870157
4.494029381617293	-2.372623108043871
4.506119823555235	-2.392909882512321
4.518292028185604	-2.413333848103288
4.530546825279357	-2.433896397104696
4.542885054624646	-2.454598938612497
4.5553075661666504	-2.475442898765309
4.567815220149575	-2.496429720982679
4.58040888726091	-2.517560866207126
4.5930894487779135	-2.5388378131499385
4.605857796716421	-2.560262058540864
4.618714833981977	-2.5818351173816887
4.631661474523365	-2.603558523203854
4.644698643488543	-2.625433828330101
4.657827277383044	-2.6474626041402542
4.671048324230898	-2.669646441341236
4.684362743738088	-2.691986950241333
4.697771507458606	-2.7144857610288238
4.711275598963154	-2.7371445240550423
4.724876014010518	-2.7599649101219352
4.738573760721695	-2.7829486107742296
4.752369859756776	-2.806097338596227
4.766265344494685	-2.8294128275133965
4.78026126121577	-2.8528968330987383
4.794358669287359	-2.8765511328841353
4.80855864135225	-2.9003775266766345
4.822862263520294	-2.9243778368798887
4.8372706355630095	-2.948553908820717
4.851784871111379	-2.9729076110809878
4.86640609785683	-2.9974408358348494
4.881135457755464	-3.0221554991914066
4.895974107235625	-3.047053541543003
4.9109232174088016	-3.0721369279191073
4.925983974283996	-3.097407648345994
4.941157578985569	-3.1228677182122757
4.956445247974653	-3.1485191786404174
4.971848213274165	-3.174364096864289
4.987367722697533	-3.200404566612944
5.0030050400811525	-3.2266427085006737
5.0187614455206715	-3.2530806704234623
5.034638235611151	-3.279720627961964
5.050636723691211	-3.3065647847911563
5.066758240091171	-3.3336153730967055
5.083004132385322	-3.3608746539982506
5.099375765648361	-3.388344917979682
5.1158745227160765	-3.4160284853265575
5.132501804450381	-3.4439277065707934
5.149259030008734	-3.472044962942741
5.166147637118055	-3.5003826668307894
5.1831690823532295	-3.528943262248683
5.2003248414202465	-3.5577292253105823
5.217616409444091	-3.5867430647141494
5.235045301261455	-3.615987322231677
5.252613051718377	-3.645464573209507
5.270321215972872	-3.675177427075819
5.288171369802676	-3.7051285278570045
5.306165109918172	-3.7353205547027284
5.324304054280628	-3.7657562224198946
5.342589842425782	-3.796438282015621
5.361024135792958	-3.827369521249445
5.379608618059741	-3.8585527651948963
5.398344995482363	-3.8899908768106255
5.41723499724189	-3.9216867575212824
5.436280375796279	-3.9536433478082493
5.455482907238524	-3.985863627810558
5.474844391660863	-4.01835061793602
5.494366653525267	-4.05110737948287
5.514051542040295	-4.084137015272092
5.533900931544403	-4.117442670290591
5.553916721895906	-4.151027532345503
5.574100838869606	-4.184894832729725
5.594455234560336	-4.21904784689901
5.614981887793459	-4.253489895160758
5.6356828045424825	-4.28822434337474
5.656560018353947	-4.323254603666026
5.677615590779693	-4.358584135150294
5.698851611816661	-4.394216444671775
5.720270200354362	-4.430155087554076
5.741873504630195	-4.466403668364162
5.763663702692709	-4.502965841689674
5.785643002872986	-4.539845312929875
5.807813644264337	-4.577045839100533
5.830177897210424	-4.614571229652953
5.852738063801949	-4.652425347307387
5.875496478382171	-4.690612108901235
5.8984555080613195	-4.729135486252205
5.921617553240117	-4.767999507036736
5.944985048142605	-4.807208255684029
5.968560461358443	-4.846765874285985
5.99234629639481	-4.886676563523262
6.016345092238218	-4.926944583607936
6.040559423926277	-4.967574255242876
6.064991903129738	-5.008569960598382
6.089645178744943	-5.049936144306249
6.114521937496898	-5.091677314471685
6.139624904553189	-5.133798043703409
6.1649568441489535	-5.176302970162296
6.1905205602230975	-5.2191967986289125
6.216318897066023	-5.262484301590332
6.242354739979061	-5.3061703203466255
6.268631015945857	-5.35025976613738
6.295150694315917	-5.3947576212886394
6.321916787500605	-5.439668940380728
6.348932351681798	-5.484998851437322
6.376200487533463	-5.530752557136186
6.403724340956408	-5.576935336042036
6.431507103826489	-5.623552543861957
6.459552014756516	-5.670609614723842
6.48786235987213	-5.718112062478223
6.5164414736019936	-5.766065482024161
6.545292739482472	-5.814475550659434
6.574419590977175	-5.863348029455664
6.6038255123116745	-5.91268876465889
6.633514039323625	-5.962503689116023
6.663488760328644	-6.012798823727707
6.693753317002328	-6.063580278928275
6.724311405278563	-6.1148542561930395
6.755166776264687	-6.16662704957386
6.786323237173639	-6.218905047263213
6.817784652273561	-6.271694733187553
6.8495549438552015	-6.325002688630524
6.8816380932173935	-6.3788355938865235
6.914038141671119	-6.433200229945434
6.946759191562406	-6.48810348020896
6.979805407314516	-6.543552332239337
7.013181016489808	-6.599553879541051
7.046890310871685	-6.65611532337626
7.0809376475670085	-6.713243974614545
7.115327450129444	-6.770947255617804
7.150064209704121	-6.829232702160896
7.185152486194142	-6.888107965388937
7.220596909449248	-6.947580813811799
7.256402180477235	-7.007659135336757
7.292573072678527	-7.068350939340007
7.329114433104393	-7.129664358777847
7.366031183739327	-7.191607652338416
7.403328322808056	-7.254189206634728
7.441010926107749	-7.317417538440033
7.47908414836585	-7.381301296966129
7.517553224624258	-7.445849266185921
7.556423471650153	-7.511070367200655
7.595700289374297	-7.576973660653281
7.6353891623571535	-7.6435683491884845
7.675495661283592	-7.71086377996066
7.716025444486695	-7.778869447190762
7.756984259501271	-7.847594994772949
7.798377944647753	-7.917050218932245
7.840212430647128	-7.987245070934267
7.882493742267473	-8.058189659847962
7.9252280000029245	-8.1298942553628
7.968421421785597	-8.20236929066121
8.01208032473132	-8.275625365347807
8.056211126919775	-8.349673248436305
8.10082034920989	-8.424523881395595
8.145914617091165	-8.500188381256141
8.19150066257173	-8.576678043777951
8.237585326103982	-8.654004346681681
8.284175558548476	-8.732178952943839
8.33127842317706	-8.81121371415793
8.378901097715982	-8.891120673962574
8.427050876429888	-8.971912071538323
8.475735172247619	-9.053600345174562
8.524961518930649	-9.136198135907955
8.574737573285164	-9.21971829123416
8.625071117418706	-9.304173868894274
8.675970061042332	-9.389578140737676
8.727442443819335	-9.47594459666299
8.779496437761505	-9.563286948638806
8.83214034967402	-9.651619134806019
8.885382623649978	-9.740955323663444
8.939231843615701	-9.831309918338627
8.993696735927967	-9.922697560945798
9.048786172024244	-10.015133137032729
9.104509171127116	-10.108631780118566
9.160874903004181	-10.203208876324677
9.217892690784545	-10.29888006910054
9.27557201383327	-10.395661264046794
9.333922510684964	-10.4935686338376
9.392953982037941	-10.592618623244565
9.452676393810247	-10.692827954264512
9.513099880258904	-10.79421363135334
9.57423474716391	-10.896792946768477
9.636091475078294	-11.000583486022249
9.698680722645864	-11.105603133448758
9.762013329988044	-11.211870077886722
9.826100322161487	-11.31940281848109
9.890952912687887	-11.428220170605753
9.956582507157908	-11.53834127191066
10.023000706910587	-11.649785588495536
10.09021931279014	-11.762572921213522
10.158250328981904	-11.876723412107548
10.227105966929134	-11.99225755098242
10.296798649332628	-12.10919618211584
10.367341014234917	-12.227560511111367
10.43874591919116	-12.34737211189682
10.511026445528515	-12.468652933871178
10.584195902696177	-12.59142530920355
10.658267832708178	-12.71571196028788
10.733256014680904	-12.841536007356483
10.80917446946776	-12.968920976256664
10.886037464393066	-13.097890806393806
10.963859518087553	-13.22846985884492
11.042655405427787	-13.360682924646623
11.12244016258198	-13.494555233261565
11.203229092164623	-13.630112461227505
11.285037768502466	-13.767380740993202
11.367882043014557	-13.906386669945643
11.451778049708853	-14.047157319632953
11.536742210798245	-14.1897202451876
11.622791242438801	-14.3341034949547
11.70994216059302	-14.48033562033009
11.798212287021137	-14.628445685813244
11.887619255403436	-14.778463279279999
11.978181017596754	-14.93041852248048
12.06991585002815	-15.084342081767142
12.162842360229316	-15.240265179058996
12.256979493514788	-15.398219603047066
12.352346539807481	-15.558237720647114
12.448963140615096	-15.720352488705464
12.546849296161025	-15.884597465964077
12.646025372673254	-16.051006825290763
12.74651210983528	-16.219615366181163
12.848330628402902	-16.39045852753914
12.951502437990623	-16.56357240074172
13.056049445032166	-16.738993742996165
13.161993960918846	-16.91675999099554
13.2693587103205	-17.09690927488051
13.378166839693115	-17.279480432514475
13.488441925977764	-17.46451302407964
13.600207985495565	-17.652047347002082
13.713489483043386	-17.842124451213554
13.828311341194993	-18.03478615475808
13.944698949813109	-18.23007505975239
14.062678175777048	-18.428034568708124
14.182275372931436	-18.628708901224943
14.303517392261526	-18.832143111063903
14.4264315923004	-19.03838310360987
14.551045849774177	-19.247475653733332
14.677388570490471	-19.45946842406032
14.805488700476815	-19.67440998366178
14.935375737374734	-19.89234982717191
15.067079742095917	-20.113338394346247
15.200631350747152	-20.33742709007076
15.33606178683042	-20.56466830483258
15.473402873725334	-20.795115435664528
15.612687047460565	-21.02882290757453
15.753947369781915	-21.265846195472776
15.89721754152405	-21.506241846608386
16.0425319162938	-21.750067503528882
16.189925514472638	-21.99738192757519
16.33943403754654	-22.248245022926003
16.49109388277133	-22.502717861204996
16.644942158182037	-22.760862706665318
16.801016697954953	-23.02274304196589
16.959356078131343	-23.288423594554477
17.119999632711842	-23.557970363672787
17.28298747013125	-23.831450647999834
17.448360490122976	-24.108933073949082
17.616160400983503	-24.390487624636837
17.786429737246714	-24.676185669538285
17.959211877778834	-24.966099994849365
18.134551064304624	-25.26030483457218
18.312492420375825	-25.55887590234253
18.493081970793426	-25.861890424018842
18.676366661495255	-26.169427171051975
18.862394379920985	-26.481566494656025
19.051213975866794	-26.798390360800703
19.24287528284245	-27.119982386046846
19.43742913994382	-27.446427874246627
19.634927414254168	-27.77781385413118
19.83542302378793	-28.11422911780832
20.03896996099116	-28.455764260194417
20.245623316813234	-28.8025117194047
20.4554393053647	-29.15456581812717
20.668475289176328	-29.512022806005206
20.884789805075897	-29.874980903056667
21.104442590697854	-30.24354034415498
21.327494611643644	-30.61780342460195
21.554008089308805	-30.99787454681931
21.784046529395447	-31.383860268190407
22.017674751127238	-31.775869350080487
22.254958917186336	-32.17401280806848
22.495966564391075	-32.57840396342162
22.74076663513392	-32.98915849584578
22.989429509600395	-33.4063944975462
23.242027038789313	-33.830232528632735
23.49863257835616	-34.260795673906294
23.759321023301414	-34.698209601063006
24.024168843526564	-35.142602620354324
24.29325412028091	-35.59410574574174
24.566656583523535	-36.0528527575872
24.84445765022471	-36.51898026691968
25.126740463632355	-36.99262778132107
25.413589933529376	-37.47393777247479
25.70509277750918	-37.963055745422665
26.00133756329646	-38.460130309575774
26.30241475214217	-38.96531325152766
26.608416743321346	-39.478759609718054
26.91943791976465	-40.00062775099887
27.23557469485387	-40.53107944915325
27.5569255604134	-41.070279965421335
27.88359113593128	-41.61839813108913
28.215674219042093	-42.17560643219474
28.553279837307844	-42.742081096412434
28.89651530133177	-43.31800218217322
29.24549025924227	-43.90355367008454
29.600316752584412	-44.49892355671156
29.96110927365882	-45.10430395078722
30.3279848243469	-45.71989117191609
30.701062976465234	-46.34588585184416
31.080465933690075	-46.982493038363074
31.466318595097285	-47.62992230192495
31.85874862036169	-48.2883878450416
32.257886496663154	-48.958108614547434
32.6638656073463	-49.639308416804866
33.07682230238432	-50.33221603593686
33.496895970696755	-51.037065355170235
33.92422911437335	-51.75409548137723
34.35896742485906	-52.483550872907784
34.801259861154094	-53.225681470802705
35.25125873008725	-53.980742833485934
35.70911976872075	-54.74899627503294
36.17500222894761	-55.530709007118396
36.64906896434354	-56.32615428474643
37.13148651933869	-57.13561155587358
37.62242522077334	-57.95936661503182
38.12205927190914	-58.79771176107167
38.63056684896324	-59.6509459591386
39.148130200239144	-60.519375007006545
39.67493574792939	-61.40331170589447
40.21117419266663	-62.30307603589454
40.75704062090172	-63.21899533614378
41.31273461519259	-64.15140448987982
41.878460367486035	-65.10064611451848
42.45442679548089	-66.06707075690171
43.04084766216177	-67.05103709386533
43.63794169859543	-68.05291213828147
44.24593273008561	-69.07307145073598
44.86504980578351	-70.1118993570042
45.495527331856835	-71.16978917149788
46.13760520832	-72.247143426855
46.79152896963408	-73.34437410985497
47.45754992918802	-74.4619029038464
48.135925327774	-75.60016143787658
48.826918486176666	-76.7595915427238
49.53079896199661	-77.94064551403426
50.24784271083547	-79.14378638277758
50.9783322519698	-80.36948819323402
51.72255683864928	-81.61823628874097
52.48081263315675	-82.89052760542936
53.253402886770935	-84.18687097418646
54.04063812478109	-85.50778743109535
54.84283633670157	-86.85381053659941
55.66032317184653	-88.22548670366066
56.49343214042202	-89.62337553517607
57.342504820304256	-91.04805017093432
58.20789106967497	-92.5000976444008
59.08994924569067	-93.98011924962668
59.98904642936959	-95.48873091859086
60.90555865688261	-97.02656360928725
61.839871157446	-98.59426370488937
62.79237859801544	-100.19249342432694
63.76348533498695	-101.82193124461949
64.7536056731242	-103.48327233533526
65.76316413192613	-105.17722900553433
66.7925957196705	-106.90453116359123
67.84234621536211	-108.66592679028118
68.91287245883638	-110.46218242555008
70.00464264926238	-112.29408366937837
71.11813665231156	-114.16243569718489
72.25384631625383	-116.06806379021043
73.41227579726355	-118.01181388135461
74.59394189421772	-119.99455311693993
75.79937439328326	-122.0171704349009